0.219216144
0.268403375
0.320595978
0.374099949
0.42891658
0.484970644
0.541243392
0.596991072
0.652712656
0.707053144
0.759924242
0.810368557
0.856783945
0.898189364
0.933357473
0.959976257
0.976166111
0.980077872
0.969682952
0.943579995
0.899001887
0.836983852
0.757902422
0.663772282
0.557697053
0.44366848
0.326092918
0.208968246
0.096359732
-0.008109481
-0.104054916
-0.18892781
-0.265006188
-0.332926599
-0.395279275
-0.454399744
-0.510784394
-0.567077736
-0.623554857
-0.680208398
-0.735084299
-0.787759994
-0.835760061
-0.878634128
-0.914201787
-0.939857619
-0.954669752
-0.958528126
-0.950561135
-0.931289129
-0.900564583
-0.859937411
-0.810877726
-0.754024283
-0.692338232
-0.626566915
-0.558346929
-0.488591691
-0.418159105
-0.348105784
-0.277348686
-0.206604268
-0.136131042
-0.064644147
0.006376321
0.077946492
0.149240197
0.22081219
0.289035311
0.359416601
0.429291875
0.498431193
0.568656307
0.638998202
0.70987032
0.7778366
0.848712452
0.918482174
0.983532763
1.042484734
1.094123323
1.136568124
1.16939595
1.190984772
1.200761003
1.198456353
1.184326135
1.158265284
1.12018589
1.070533687
1.01016706
0.940544911
0.86323843
0.779647966
0.690965456
0.598714607
0.504435045
0.409382536
0.313102784
0.215248579
0.116152568
0.018448548
-0.083383348
-0.185588068
-0.286796488
-0.385967557
-0.479125104
-0.563031687
-0.630789216
-0.685832547
-0.723521729
-0.741110202
-0.739853875
-0.7196466
-0.682458714
-0.629860603
-0.563449285
-0.485634807
-0.399353506
-0.306994407
-0.210895206
-0.113520837
-0.017182023
0.076044953
0.16350427
0.244904513
0.31906846
0.387988411
0.451867852
0.511901699
0.568897307
0.625357001
0.68190263
0.737208899
0.792337384
0.844056811
0.890695952
0.929691198
0.959419206
0.97756546
0.982704169
0.973434597
0.949649116
0.911224008
0.858404493
0.793311165
0.717024116
0.633190053
0.544200036
0.453290436