0.000756
0.000833
0.000942
0.001081
0.001243
0.001410
0.001559
0.001659
0.001673
0.001558
0.001271
0.000766
-0.000000
-0.001064
-0.002459
-0.004204
-0.006310
-0.008773
-0.011575
-0.014684
-0.018051
-0.021616
-0.025305
-0.029036
-0.032719
-0.036260
-0.039564
-0.042540
-0.045104
-0.047182
-0.048712
-0.049648
0.949311
-0.049648
-0.048712
-0.047182
-0.045104
-0.042540
-0.039564
-0.036260
-0.032719
-0.029036
-0.025305
-0.021616
-0.018051
-0.014684
-0.011575
-0.008773
-0.006310
-0.004204
-0.002459
-0.001064
-0.000000
0.000766
0.001271
0.001558
0.001673
0.001659
0.001559
0.001410
0.001243
0.001081
0.000942
0.000833
0.000756
