0.000756796
0.000496181
-6.93E-19
-0.000643896
-0.001243474
-0.001505925
-0.001133507
1.44E-18
0.001673918
0.00326645
0.00391384
0.002879028
-2.84E-18
-0.00400244
-0.007572303
-0.008812878
-0.006314293
4.56E-18
0.008415604
0.015683855
0.018063056
0.012872527
-6.20E-18
-0.017291724
-0.032741595
-0.038729982
-0.028764366
7.37E-18
0.045134783
0.098907393
0.150021299
0.186675761
0.199991784
0.186675761
0.150021299
0.098907393
0.045134783
7.37E-18
-0.028764366
-0.038729982
-0.032741595
-0.017291724
-6.20E-18
0.012872527
0.018063056
0.015683855
0.008415604
4.56E-18
-0.006314293
-0.008812878
-0.007572303
-0.00400244
-2.84E-18
0.002879028
0.00391384
0.00326645
0.001673918
1.44E-18
-0.001133507
-0.001505925
-0.001243474
-0.000643896
-6.93E-19
0.000496181
0.000756796