-0.000000
-0.000845
0.000000
0.001096
-0.000000
-0.001585
-0.000000
0.002350
-0.000000
-0.003437
0.000000
0.004902
-0.000000
-0.006815
0.000000
0.009274
-0.000000
-0.012426
0.000000
0.016504
-0.000000
-0.021918
0.000000
0.029442
-0.000000
-0.040756
0.000000
0.060251
-0.000000
-0.104082
0.000000
0.317851
0.500387
0.317851
0.000000
-0.104082
-0.000000
0.060251
0.000000
-0.040756
-0.000000
0.029442
0.000000
-0.021918
-0.000000
0.016504
0.000000
-0.012426
-0.000000
0.009274
0.000000
-0.006815
-0.000000
0.004902
0.000000
-0.003437
-0.000000
0.002350
-0.000000
-0.001585
-0.000000
0.001096
0.000000
-0.000845
-0.000000
