0.000780
0.000841
0.000894
0.000923
0.000893
0.000761
0.000479
-0.000000
-0.000707
-0.001651
-0.002811
-0.004127
-0.005497
-0.006781
-0.007804
-0.008366
-0.008259
-0.007282
-0.005259
-0.002062
0.002375
0.008045
0.014852
0.022618
0.031083
0.039915
0.048735
0.057131
0.064694
0.071037
0.075828
0.078811
0.079824
0.078811
0.075828
0.071037
0.064694
0.057131
0.048735
0.039915
0.031083
0.022618
0.014852
0.008045
0.002375
-0.002062
-0.005259
-0.007282
-0.008259
-0.008366
-0.007804
-0.006781
-0.005497
-0.004127
-0.002811
-0.001651
-0.000707
-0.000000
0.000479
0.000761
0.000893
0.000923
0.000894
0.000841
0.000780
