0.000688
0.000730
-0.000000
-0.000948
-0.001131
0.000000
0.001668
0.002031
-0.000000
-0.002971
-0.003559
0.000000
0.005010
0.005890
-0.000000
-0.008015
-0.009292
0.000000
0.012384
0.014264
-0.000000
-0.018942
-0.021902
0.000000
0.029777
0.035223
-0.000000
-0.052070
-0.066417
0.000000
0.136436
0.274696
0.332900
0.274696
0.136436
0.000000
-0.066417
-0.052070
-0.000000
0.035223
0.029777
0.000000
-0.021902
-0.018942
-0.000000
0.014264
0.012384
0.000000
-0.009292
-0.008015
-0.000000
0.005890
0.005010
0.000000
-0.003559
-0.002971
-0.000000
0.002031
0.001668
0.000000
-0.001131
-0.000948
-0.000000
0.000730
0.000688
