-0.000546
-0.000819
-0.000898
-0.000700
-0.000164
0.000676
0.001632
0.002353
0.002410
0.001466
-0.000517
-0.003129
-0.005521
-0.006610
-0.005462
-0.001740
0.003963
0.010066
0.014320
0.014482
0.009170
-0.001378
-0.014916
-0.027412
-0.033890
-0.029750
-0.012196
0.018644
0.059294
0.103401
0.143039
0.170543
0.180383
0.170543
0.143039
0.103401
0.059294
0.018644
-0.012196
-0.029750
-0.033890
-0.027412
-0.014916
-0.001378
0.009170
0.014482
0.014320
0.010066
0.003963
-0.001740
-0.005462
-0.006610
-0.005521
-0.003129
-0.000517
0.001466
0.002410
0.002353
0.001632
0.000676
-0.000164
-0.000700
-0.000898
-0.000819
-0.000546
