-0.000000
-0.000598
-0.000944
-0.000776
0.000000
0.001122
0.001932
0.001663
-0.000000
-0.002433
-0.004123
-0.003470
0.000000
0.004824
0.007976
0.006564
-0.000000
-0.008795
-0.014343
-0.011682
0.000000
0.015513
0.025368
0.020839
-0.000000
-0.028847
-0.049024
-0.042645
0.000000
0.073668
0.158022
0.224971
0.250434
0.224971
0.158022
0.073668
0.000000
-0.042645
-0.049024
-0.028847
-0.000000
0.020839
0.025368
0.015513
0.000000
-0.011682
-0.014343
-0.008795
-0.000000
0.006564
0.007976
0.004824
0.000000
-0.003470
-0.004123
-0.002433
-0.000000
0.001663
0.001932
0.001122
0.000000
-0.000776
-0.000944
-0.000598
-0.000000
